BA Code,Timestamp (Hour Ending),Demand (MWh),Demand Forecast (MWh),Net Generation (MWh),Total Interchange (MWh),,time (hour),day,Demand (MWh)
SCL,11/2/2021 12 a.m. PDT,1015,950,492,-523,,12:00:00 AM,11/2/21,1015
SCL,11/2/2021 1 a.m. PDT,957,903,451,-506,,1:00:00 AM,11/2/21,957
SCL,11/2/2021 2 a.m. PDT,920,872,428,-492,,2:00:00 AM,11/2/21,920
SCL,11/2/2021 3 a.m. PDT,902,867,417,-485,,3:00:00 AM,11/2/21,902
SCL,11/2/2021 4 a.m. PDT,914,870,422,-492,,4:00:00 AM,11/2/21,914
SCL,11/2/2021 5 a.m. PDT,954,905,453,-501,,5:00:00 AM,11/2/21,954
SCL,11/2/2021 6 a.m. PDT,1035,998,693,-342,,6:00:00 AM,11/2/21,1035
SCL,11/2/2021 7 a.m. PDT,1168,1129,655,-513,,7:00:00 AM,11/2/21,1168
SCL,11/2/2021 8 a.m. PDT,1291,1231,746,-545,,8:00:00 AM,11/2/21,1291
SCL,11/2/2021 9 a.m. PDT,1304,1229,828,-476,,9:00:00 AM,11/2/21,1304
SCL,11/2/2021 10 a.m. PDT,1265,1212,848,-417,,10:00:00 AM,11/2/21,1265
SCL,11/2/2021 11 a.m. PDT,1242,1193,820,-422,,11:00:00 AM,11/2/21,1242
SCL,11/2/2021 12 p.m. PDT,1268,1177,772,-496,,12:00:00 PM,11/2/21,1268
SCL,11/2/2021 1 p.m. PDT,1311,1160,685,-626,,1:00:00 PM,11/2/21,1311
SCL,11/2/2021 2 p.m. PDT,1296,1122,662,-634,,2:00:00 PM,11/2/21,1296
SCL,11/2/2021 3 p.m. PDT,1278,1095,605,-673,,3:00:00 PM,11/2/21,1278
SCL,11/2/2021 4 p.m. PDT,1279,1097,681,-598,,4:00:00 PM,11/2/21,1279
SCL,11/2/2021 5 p.m. PDT,1293,1132,764,-529,,5:00:00 PM,11/2/21,1293
SCL,11/2/2021 6 p.m. PDT,1317,1179,831,-486,,6:00:00 PM,11/2/21,1317
SCL,11/2/2021 7 p.m. PDT,1325,1215,877,-448,,7:00:00 PM,11/2/21,1325
SCL,11/2/2021 8 p.m. PDT,1283,1187,855,-428,,8:00:00 PM,11/2/21,1283
SCL,11/2/2021 9 p.m. PDT,1236,1136,646,-590,,9:00:00 PM,11/2/21,1236
SCL,11/2/2021 10 p.m. PDT,1170,1071,615,-555,,10:00:00 PM,11/2/21,1170
SCL,11/2/2021 11 p.m. PDT,1088,998,511,-577,,11:00:00 PM,11/2/21,1088
SCL,11/3/2021 12 a.m. PDT,1000,910,485,-515,,12:00:00 AM,11/3/21,1000
SCL,11/3/2021 1 a.m. PDT,942,898,516,-426,,1:00:00 AM,11/3/21,942
SCL,11/3/2021 2 a.m. PDT,903,856,477,-426,,2:00:00 AM,11/3/21,903
SCL,11/3/2021 3 a.m. PDT,879,849,461,-418,,3:00:00 AM,11/3/21,879
SCL,11/3/2021 4 a.m. PDT,888,847,457,-431,,4:00:00 AM,11/3/21,888
SCL,11/3/2021 5 a.m. PDT,916,878,449,-467,,5:00:00 AM,11/3/21,916
SCL,11/3/2021 6 a.m. PDT,1000,966,583,-417,,6:00:00 AM,11/3/21,1000
SCL,11/3/2021 7 a.m. PDT,1131,1089,758,-373,,7:00:00 AM,11/3/21,1131
SCL,11/3/2021 8 a.m. PDT,1247,1199,804,-443,,8:00:00 AM,11/3/21,1247
SCL,11/3/2021 9 a.m. PDT,1263,1203,796,-467,,9:00:00 AM,11/3/21,1263
SCL,11/3/2021 10 a.m. PDT,1259,1190,758,-501,,10:00:00 AM,11/3/21,1259
SCL,11/3/2021 11 a.m. PDT,1249,1173,611,-638,,11:00:00 AM,11/3/21,1249
SCL,11/3/2021 12 p.m. PDT,1225,1150,630,-595,,12:00:00 PM,11/3/21,1225
SCL,11/3/2021 1 p.m. PDT,1210,1138,589,-621,,1:00:00 PM,11/3/21,1210
SCL,11/3/2021 2 p.m. PDT,1195,1116,554,-641,,2:00:00 PM,11/3/21,1195
SCL,11/3/2021 3 p.m. PDT,1183,1099,725,-458,,3:00:00 PM,11/3/21,1183
SCL,11/3/2021 4 p.m. PDT,1183,1095,720,-463,,4:00:00 PM,11/3/21,1183
SCL,11/3/2021 5 p.m. PDT,1196,1124,795,-401,,5:00:00 PM,11/3/21,1196
SCL,11/3/2021 6 p.m. PDT,1230,1165,800,-430,,6:00:00 PM,11/3/21,1230
SCL,11/3/2021 7 p.m. PDT,1256,1183,856,-400,,7:00:00 PM,11/3/21,1256
SCL,11/3/2021 8 p.m. PDT,1220,1159,806,-414,,8:00:00 PM,11/3/21,1220
SCL,11/3/2021 9 p.m. PDT,1175,1111,773,-402,,9:00:00 PM,11/3/21,1175
SCL,11/3/2021 10 p.m. PDT,1122,1048,704,-418,,10:00:00 PM,11/3/21,1122
SCL,11/3/2021 11 p.m. PDT,1042,969,768,-274,,11:00:00 PM,11/3/21,1042
SCL,11/4/2021 12 a.m. PDT,940,893,697,-243,,12:00:00 AM,11/4/21,940
SCL,11/4/2021 1 a.m. PDT,857,857,606,-251,,1:00:00 AM,11/4/21,857
SCL,11/4/2021 2 a.m. PDT,825,823,601,-224,,2:00:00 AM,11/4/21,825
SCL,11/4/2021 3 a.m. PDT,810,815,584,-226,,3:00:00 AM,11/4/21,810
SCL,11/4/2021 4 a.m. PDT,797,812,572,-225,,4:00:00 AM,11/4/21,797
SCL,11/4/2021 5 a.m. PDT,823,836,520,-303,,5:00:00 AM,11/4/21,823
SCL,11/4/2021 6 a.m. PDT,901,916,494,-407,,6:00:00 AM,11/4/21,901
SCL,11/4/2021 7 a.m. PDT,1026,1033,650,-376,,7:00:00 AM,11/4/21,1026
SCL,11/4/2021 8 a.m. PDT,1117,1129,762,-355,,8:00:00 AM,11/4/21,1117
SCL,11/4/2021 9 a.m. PDT,1162,1136,815,-347,,9:00:00 AM,11/4/21,1162
SCL,11/4/2021 10 a.m. PDT,1187,1138,823,-364,,10:00:00 AM,11/4/21,1187
SCL,11/4/2021 11 a.m. PDT,1190,1135,920,-270,,11:00:00 AM,11/4/21,1190
SCL,11/4/2021 12 p.m. PDT,1175,1131,911,-264,,12:00:00 PM,11/4/21,1175
SCL,11/4/2021 1 p.m. PDT,1163,1129,705,-458,,1:00:00 PM,11/4/21,1163
SCL,11/4/2021 2 p.m. PDT,1144,1112,570,-574,,2:00:00 PM,11/4/21,1144
SCL,11/4/2021 3 p.m. PDT,1132,1096,555,-577,,3:00:00 PM,11/4/21,1132
SCL,11/4/2021 4 p.m. PDT,1141,1099,608,-533,,4:00:00 PM,11/4/21,1141
SCL,11/4/2021 5 p.m. PDT,1167,1122,603,-564,,5:00:00 PM,11/4/21,1167
SCL,11/4/2021 6 p.m. PDT,1196,1160,670,-526,,6:00:00 PM,11/4/21,1196
SCL,11/4/2021 7 p.m. PDT,1220,1184,723,-497,,7:00:00 PM,11/4/21,1220
SCL,11/4/2021 8 p.m. PDT,1196,1152,612,-584,,8:00:00 PM,11/4/21,1196
SCL,11/4/2021 9 p.m. PDT,1147,1102,555,-592,,9:00:00 PM,11/4/21,1147
SCL,11/4/2021 10 p.m. PDT,1090,1047,504,-586,,10:00:00 PM,11/4/21,1090
SCL,11/4/2021 11 p.m. PDT,1009,967,470,-539,,11:00:00 PM,11/4/21,1009
SCL,11/5/2021 12 a.m. PDT,935,896,434,-501,,12:00:00 AM,11/5/21,935
SCL,11/5/2021 1 a.m. PDT,880,880,486,-394,,1:00:00 AM,11/5/21,880
SCL,11/5/2021 2 a.m. PDT,839,844,463,-376,,2:00:00 AM,11/5/21,839
SCL,11/5/2021 3 a.m. PDT,825,837,448,-377,,3:00:00 AM,11/5/21,825
SCL,11/5/2021 4 a.m. PDT,845,837,495,-350,,4:00:00 AM,11/5/21,845
SCL,11/5/2021 5 a.m. PDT,873,869,534,-339,,5:00:00 AM,11/5/21,873
SCL,11/5/2021 6 a.m. PDT,966,956,635,-331,,6:00:00 AM,11/5/21,966
SCL,11/5/2021 7 a.m. PDT,1115,1083,695,-420,,7:00:00 AM,11/5/21,1115
SCL,11/5/2021 8 a.m. PDT,1232,1180,771,-461,,8:00:00 AM,11/5/21,1232
SCL,11/5/2021 9 a.m. PDT,1288,1195,829,-459,,9:00:00 AM,11/5/21,1288
SCL,11/5/2021 10 a.m. PDT,1284,1196,732,-552,,10:00:00 AM,11/5/21,1284
SCL,11/5/2021 11 a.m. PDT,1286,1189,745,-541,,11:00:00 AM,11/5/21,1286
SCL,11/5/2021 12 p.m. PDT,1235,1183,724,-511,,12:00:00 PM,11/5/21,1235
SCL,11/5/2021 1 p.m. PDT,1217,1173,727,-490,,1:00:00 PM,11/5/21,1217
SCL,11/5/2021 2 p.m. PDT,1213,1146,869,-344,,2:00:00 PM,11/5/21,1213
SCL,11/5/2021 3 p.m. PDT,1189,1126,908,-281,,3:00:00 PM,11/5/21,1189
SCL,11/5/2021 4 p.m. PDT,1173,1124,889,-284,,4:00:00 PM,11/5/21,1173
SCL,11/5/2021 5 p.m. PDT,1192,1151,864,-328,,5:00:00 PM,11/5/21,1192
SCL,11/5/2021 6 p.m. PDT,1222,1180,1045,-177,,6:00:00 PM,11/5/21,1222
SCL,11/5/2021 7 p.m. PDT,1253,1191,1032,-221,,7:00:00 PM,11/5/21,1253
SCL,11/5/2021 8 p.m. PDT,1219,1155,1171,-48,,8:00:00 PM,11/5/21,1219
SCL,11/5/2021 9 p.m. PDT,1183,1109,1206,23,,9:00:00 PM,11/5/21,1183
SCL,11/5/2021 10 p.m. PDT,1145,1056,1162,17,,10:00:00 PM,11/5/21,1145
SCL,11/5/2021 11 p.m. PDT,1089,987,1144,55,,11:00:00 PM,11/5/21,1089
SCL,11/6/2021 12 a.m. PDT,1023,938,1063,40,,12:00:00 AM,11/6/21,1023
SCL,11/6/2021 1 a.m. PDT,974,930,713,-261,,1:00:00 AM,11/6/21,974
SCL,11/6/2021 2 a.m. PDT,944,889,699,-245,,2:00:00 AM,11/6/21,944
SCL,11/6/2021 3 a.m. PDT,917,881,884,-33,,3:00:00 AM,11/6/21,917
SCL,11/6/2021 4 a.m. PDT,903,878,797,-106,,4:00:00 AM,11/6/21,903
SCL,11/6/2021 5 a.m. PDT,911,889,711,-200,,5:00:00 AM,11/6/21,911
SCL,11/6/2021 6 a.m. PDT,954,921,739,-215,,6:00:00 AM,11/6/21,954
SCL,11/6/2021 7 a.m. PDT,994,965,732,-262,,7:00:00 AM,11/6/21,994
SCL,11/6/2021 8 a.m. PDT,1072,1034,992,-80,,8:00:00 AM,11/6/21,1072
SCL,11/6/2021 9 a.m. PDT,1125,1100,1039,-86,,9:00:00 AM,11/6/21,1125
SCL,11/6/2021 10 a.m. PDT,1197,1147,915,-282,,10:00:00 AM,11/6/21,1197
SCL,11/6/2021 11 a.m. PDT,1233,1161,788,-445,,11:00:00 AM,11/6/21,1233
SCL,11/6/2021 12 p.m. PDT,1235,1158,771,-464,,12:00:00 PM,11/6/21,1235
SCL,11/6/2021 1 p.m. PDT,1242,1148,742,-500,,1:00:00 PM,11/6/21,1242
SCL,11/6/2021 2 p.m. PDT,1207,1111,719,-488,,2:00:00 PM,11/6/21,1207
SCL,11/6/2021 3 p.m. PDT,1188,1109,708,-480,,3:00:00 PM,11/6/21,1188
SCL,11/6/2021 4 p.m. PDT,1216,1109,705,-511,,4:00:00 PM,11/6/21,1216
SCL,11/6/2021 5 p.m. PDT,1211,1144,770,-441,,5:00:00 PM,11/6/21,1211
SCL,11/6/2021 6 p.m. PDT,1257,1168,891,-366,,6:00:00 PM,11/6/21,1257
SCL,11/6/2021 7 p.m. PDT,1296,1195,862,-434,,7:00:00 PM,11/6/21,1296
SCL,11/6/2021 8 p.m. PDT,1255,1172,874,-381,,8:00:00 PM,11/6/21,1255
SCL,11/6/2021 9 p.m. PDT,1111,1143,831,-403,,9:00:00 PM,11/6/21,1111
SCL,11/6/2021 10 p.m. PDT,,1095,742,-452,,10:00:00 PM,11/6/21,
SCL,11/6/2021 11 p.m. PDT,1138,1036,668,-470,,11:00:00 PM,11/6/21,1138
SCL,11/7/2021 12 a.m. PDT,1068,978,615,-453,,12:00:00 AM,11/7/21,1068
SCL,11/7/2021 1 a.m. PST,980,,509,-471,,1:00:00 AM,11/7/21,980
SCL,11/7/2021 2 a.m. PST,971,,477,-494,,2:00:00 AM,11/7/21,971
SCL,11/7/2021 3 a.m. PST,949,949,493,-456,,3:00:00 AM,11/7/21,949
SCL,11/7/2021 4 a.m. PST,949,929,490,-459,,4:00:00 AM,11/7/21,949
SCL,11/7/2021 5 a.m. PST,963,921,506,-457,,5:00:00 AM,11/7/21,963
SCL,11/7/2021 6 a.m. PST,998,924,748,-250,,6:00:00 AM,11/7/21,998
SCL,11/7/2021 7 a.m. PST,1060,945,789,-271,,7:00:00 AM,11/7/21,1060
SCL,11/7/2021 8 a.m. PST,1129,974,617,-512,,8:00:00 AM,11/7/21,1129
SCL,11/7/2021 9 a.m. PST,1190,1014,701,-489,,9:00:00 AM,11/7/21,1190
SCL,11/7/2021 10 a.m. PST,1213,1084,724,-489,,10:00:00 AM,11/7/21,1213
SCL,11/7/2021 11 a.m. PST,1224,1135,712,-512,,11:00:00 AM,11/7/21,1224
SCL,11/7/2021 12 p.m. PST,1250,1152,657,-593,,12:00:00 PM,11/7/21,1250
SCL,11/7/2021 1 p.m. PST,1291,1151,626,-665,,1:00:00 PM,11/7/21,1291
SCL,11/7/2021 2 p.m. PST,1269,1161,685,-584,,2:00:00 PM,11/7/21,1269
SCL,11/7/2021 3 p.m. PST,1274,1156,688,-586,,3:00:00 PM,11/7/21,1274
SCL,11/7/2021 4 p.m. PST,1273,1158,650,-623,,4:00:00 PM,11/7/21,1273
SCL,11/7/2021 5 p.m. PST,1334,1168,708,-626,,5:00:00 PM,11/7/21,1334
SCL,11/7/2021 6 p.m. PST,1371,1229,676,-695,,6:00:00 PM,11/7/21,1371
SCL,11/7/2021 7 p.m. PST,1363,1293,780,-583,,7:00:00 PM,11/7/21,1363
SCL,11/7/2021 8 p.m. PST,1328,1287,868,-460,,8:00:00 PM,11/7/21,1328
SCL,11/7/2021 9 p.m. PST,1273,1253,802,-471,,9:00:00 PM,11/7/21,1273
SCL,11/7/2021 10 p.m. PST,1204,1200,727,-477,,10:00:00 PM,11/7/21,1204
SCL,11/7/2021 11 p.m. PST,1128,1126,622,-506,,11:00:00 PM,11/7/21,1128
SCL,11/8/2021 12 a.m. PST,1055,1049,544,-511,,12:00:00 AM,11/8/21,1055
SCL,11/8/2021 1 a.m. PST,998,948,493,-505,,1:00:00 AM,,998
SCL,11/8/2021 2 a.m. PST,973,926,487,-486,,2:00:00 AM,,973
SCL,11/8/2021 3 a.m. PST,970,925,479,-491,,3:00:00 AM,,970
SCL,11/8/2021 4 a.m. PST,985,938,688,-297,,4:00:00 AM,,985
SCL,11/8/2021 5 a.m. PST,1028,988,518,-510,,5:00:00 AM,,1028
SCL,11/8/2021 6 a.m. PST,1153,1094,682,-471,,6:00:00 AM,,1153
SCL,11/8/2021 7 a.m. PST,1290,1226,810,-480,,7:00:00 AM,,1290
SCL,11/8/2021 8 a.m. PST,1348,1311,945,-403,,8:00:00 AM,,1348
SCL,11/8/2021 9 a.m. PST,1366,1323,854,-512,,9:00:00 AM,,1366
SCL,11/8/2021 10 a.m. PST,1351,1302,823,-528,,10:00:00 AM,,1351
SCL,11/8/2021 11 a.m. PST,1322,1270,798,-524,,11:00:00 AM,,1322
SCL,11/8/2021 12 p.m. PST,1269,1238,806,-463,,12:00:00 PM,,1269
SCL,11/8/2021 1 p.m. PST,1256,1214,786,-470,,1:00:00 PM,,1256
SCL,11/8/2021 2 p.m. PST,1230,1179,840,-390,,2:00:00 PM,,1230
SCL,11/8/2021 3 p.m. PST,1210,1176,860,-350,,3:00:00 PM,,1210
SCL,11/8/2021 4 p.m. PST,1220,1190,913,-307,,4:00:00 PM,,1220
SCL,11/8/2021 5 p.m. PST,1295,1242,953,-342,,5:00:00 PM,,1295
SCL,11/8/2021 6 p.m. PST,1358,1315,937,-421,,6:00:00 PM,,1358
SCL,11/8/2021 7 p.m. PST,1346,1303,954,-392,,7:00:00 PM,,1346
SCL,11/8/2021 8 p.m. PST,1290,1257,853,-437,,8:00:00 PM,,1290
SCL,11/8/2021 9 p.m. PST,1238,1199,800,-438,,9:00:00 PM,,1238
SCL,11/8/2021 10 p.m. PST,1171,1127,681,-490,,10:00:00 PM,,1171
SCL,11/8/2021 11 p.m. PST,1079,1040,545,-534,,11:00:00 PM,,1079
SCL,11/9/2021 12 a.m. PST,992,954,502,-490,,12:00:00 AM,,992
SCL,11/9/2021 1 a.m. PST,931,891,468,-463,,1:00:00 AM,,931
SCL,11/9/2021 2 a.m. PST,909,856,439,-470,,2:00:00 AM,,909
SCL,11/9/2021 3 a.m. PST,900,851,439,-461,,3:00:00 AM,,900
SCL,11/9/2021 4 a.m. PST,919,857,799,-120,,4:00:00 AM,,919
SCL,11/9/2021 5 a.m. PST,949,896,782,-167,,5:00:00 AM,,949
SCL,11/9/2021 6 a.m. PST,1051,994,767,-284,,6:00:00 AM,,1051
SCL,11/9/2021 7 a.m. PST,1206,1131,677,-529,,7:00:00 AM,,1206
SCL,11/9/2021 8 a.m. PST,1307,1223,736,-571,,8:00:00 AM,,1307
SCL,11/9/2021 9 a.m. PST,1305,1239,754,-551,,9:00:00 AM,,1305
SCL,11/9/2021 10 a.m. PST,1276,1231,738,-538,,10:00:00 AM,,1276
SCL,11/9/2021 11 a.m. PST,1262,1232,612,-650,,11:00:00 AM,,1262
SCL,11/9/2021 12 p.m. PST,1254,1233,700,-554,,12:00:00 PM,,1254
SCL,11/9/2021 1 p.m. PST,1258,1238,686,-572,,1:00:00 PM,,1258
SCL,11/9/2021 2 p.m. PST,1291,1231,685,-606,,2:00:00 PM,,1291
SCL,11/9/2021 3 p.m. PST,1270,1226,692,-578,,3:00:00 PM,,1270
SCL,11/9/2021 4 p.m. PST,1307,1240,796,-511,,4:00:00 PM,,1307
SCL,11/9/2021 5 p.m. PST,1365,1273,794,-571,,5:00:00 PM,,1365
SCL,11/9/2021 6 p.m. PST,1417,1334,904,-513,,6:00:00 PM,,1417
SCL,11/9/2021 7 p.m. PST,1375,1315,856,-519,,7:00:00 PM,,1375
SCL,11/9/2021 8 p.m. PST,1334,1267,860,-474,,8:00:00 PM,,1334
SCL,11/9/2021 9 p.m. PST,1272,1207,708,-564,,9:00:00 PM,,1272
SCL,11/9/2021 10 p.m. PST,1205,1133,619,-586,,10:00:00 PM,,1205
SCL,11/9/2021 11 p.m. PST,1123,1045,607,-516,,11:00:00 PM,,1123
SCL,11/10/2021 12 a.m. PST,1044,974,535,-509,,12:00:00 AM,,1044
SCL,11/10/2021 1 a.m. PST,988,934,445,-543,,1:00:00 AM,,988
SCL,11/10/2021 2 a.m. PST,963,902,455,-508,,2:00:00 AM,,963
SCL,11/10/2021 3 a.m. PST,944,896,475,-469,,3:00:00 AM,,944
SCL,11/10/2021 4 a.m. PST,915,900,479,-436,,4:00:00 AM,,915
SCL,11/10/2021 5 a.m. PST,995,935,482,-513,,5:00:00 AM,,995
SCL,11/10/2021 6 a.m. PST,1059,1031,710,-349,,6:00:00 AM,,1059
SCL,11/10/2021 7 a.m. PST,1195,1163,839,-356,,7:00:00 AM,,1195
SCL,11/10/2021 8 a.m. PST,1292,1252,872,-420,,8:00:00 AM,,1292
SCL,11/10/2021 9 a.m. PST,1298,1264,804,-494,,9:00:00 AM,,1298
SCL,11/10/2021 10 a.m. PST,1265,1246,778,-487,,10:00:00 AM,,1265
SCL,11/10/2021 11 a.m. PST,1237,1226,738,-499,,11:00:00 AM,,1237
SCL,11/10/2021 12 p.m. PST,1201,1207,702,-499,,12:00:00 PM,,1201
SCL,11/10/2021 1 p.m. PST,1184,1193,661,-523,,1:00:00 PM,,1184
SCL,11/10/2021 2 p.m. PST,1182,1163,658,-524,,2:00:00 PM,,1182
SCL,11/10/2021 3 p.m. PST,1157,1162,582,-575,,3:00:00 PM,,1157
SCL,11/10/2021 4 p.m. PST,1171,1177,713,-458,,4:00:00 PM,,1171
SCL,11/10/2021 5 p.m. PST,1228,1217,722,-506,,5:00:00 PM,,1228
SCL,11/10/2021 6 p.m. PST,1285,1292,843,-442,,6:00:00 PM,,1285
SCL,11/10/2021 7 p.m. PST,1262,1277,889,-373,,7:00:00 PM,,1262
SCL,11/10/2021 8 p.m. PST,1215,1233,726,-489,,8:00:00 PM,,1215
SCL,11/10/2021 9 p.m. PST,1168,1179,655,-513,,9:00:00 PM,,1168
SCL,11/10/2021 10 p.m. PST,1096,1110,589,-507,,10:00:00 PM,,1096
SCL,11/10/2021 11 p.m. PST,1022,1027,575,-447,,11:00:00 PM,,1022
SCL,11/11/2021 12 a.m. PST,951,948,465,-486,,12:00:00 AM,,951
SCL,11/11/2021 1 a.m. PST,904,894,776,-128,,1:00:00 AM,,904
SCL,11/11/2021 2 a.m. PST,872,864,822,-50,,2:00:00 AM,,872
SCL,11/11/2021 3 a.m. PST,859,860,811,-48,,3:00:00 AM,,859
SCL,11/11/2021 4 a.m. PST,864,863,519,-345,,4:00:00 AM,,864
SCL,11/11/2021 5 a.m. PST,894,891,552,-342,,5:00:00 AM,,894
SCL,11/11/2021 6 a.m. PST,981,969,611,-370,,6:00:00 AM,,981
SCL,11/11/2021 7 a.m. PST,1090,1067,748,-342,,7:00:00 AM,,1090
SCL,11/11/2021 8 a.m. PST,1167,1133,694,-473,,8:00:00 AM,,1167
SCL,11/11/2021 9 a.m. PST,1216,1179,775,-441,,9:00:00 AM,,1216
SCL,11/11/2021 10 a.m. PST,1246,1193,882,-364,,10:00:00 AM,,1246
SCL,11/11/2021 11 a.m. PST,1249,1182,826,-423,,11:00:00 AM,,1249
SCL,11/11/2021 12 p.m. PST,1250,1167,793,-457,,12:00:00 PM,,1250
SCL,11/11/2021 1 p.m. PST,1253,1155,1073,-180,,1:00:00 PM,,1253
SCL,11/11/2021 2 p.m. PST,1252,1130,1055,-197,,2:00:00 PM,,1252
SCL,11/11/2021 3 p.m. PST,1240,1125,1027,-213,,3:00:00 PM,,1240
SCL,11/11/2021 4 p.m. PST,1248,1123,1093,-155,,4:00:00 PM,,1248
SCL,11/11/2021 5 p.m. PST,1278,1163,1073,-205,,5:00:00 PM,,1278
SCL,11/11/2021 6 p.m. PST,1308,1233,1060,-248,,6:00:00 PM,,1308
SCL,11/11/2021 7 p.m. PST,1265,1208,1066,-199,,7:00:00 PM,,1265
SCL,11/11/2021 8 p.m. PST,1204,1157,945,-259,,8:00:00 PM,,1204
SCL,11/11/2021 9 p.m. PST,1138,1106,891,-247,,9:00:00 PM,,1138
SCL,11/11/2021 10 p.m. PST,1084,1040,874,-210,,10:00:00 PM,,1084
SCL,11/11/2021 11 p.m. PST,1006,965,808,-198,,11:00:00 PM,,1006
SCL,11/12/2021 12 a.m. PST,928,894,798,-130,,12:00:00 AM,,928
SCL,11/12/2021 1 a.m. PST,876,861,781,-95,,1:00:00 AM,,876
SCL,11/12/2021 2 a.m. PST,849,830,779,-70,,2:00:00 AM,,849
SCL,11/12/2021 3 a.m. PST,827,821,762,-65,,3:00:00 AM,,827
SCL,11/12/2021 4 a.m. PST,838,815,677,-161,,4:00:00 AM,,838
SCL,11/12/2021 5 a.m. PST,849,836,483,-366,,5:00:00 AM,,849
SCL,11/12/2021 6 a.m. PST,928,911,414,-514,,6:00:00 AM,,928
SCL,11/12/2021 7 a.m. PST,1059,1030,312,-747,,7:00:00 AM,,1059
SCL,11/12/2021 8 a.m. PST,1152,1107,364,-788,,8:00:00 AM,,1152
SCL,11/12/2021 9 a.m. PST,1200,1127,388,-812,,9:00:00 AM,,1200
SCL,11/12/2021 10 a.m. PST,1226,1128,304,-922,,10:00:00 AM,,1226
SCL,11/12/2021 11 a.m. PST,1240,1124,426,-814,,11:00:00 AM,,1240
SCL,11/12/2021 12 p.m. PST,1246,1128,694,-552,,12:00:00 PM,,1246
SCL,11/12/2021 1 p.m. PST,1249,1129,679,-570,,1:00:00 PM,,1249
SCL,11/12/2021 2 p.m. PST,1253,1120,660,-593,,2:00:00 PM,,1253
SCL,11/12/2021 3 p.m. PST,1243,1108,685,-558,,3:00:00 PM,,1243
SCL,11/12/2021 4 p.m. PST,1235,1116,707,-528,,4:00:00 PM,,1235
SCL,11/12/2021 5 p.m. PST,1251,1161,835,-416,,5:00:00 PM,,1251
SCL,11/12/2021 6 p.m. PST,1279,1209,853,-426,,6:00:00 PM,,1279
SCL,11/12/2021 7 p.m. PST,1230,1177,792,-438,,7:00:00 PM,,1230
SCL,11/12/2021 8 p.m. PST,1181,1125,717,-464,,8:00:00 PM,,1181
SCL,11/12/2021 9 p.m. PST,1128,1066,565,-563,,9:00:00 PM,,1128
SCL,11/12/2021 10 p.m. PST,1080,1015,533,-547,,10:00:00 PM,,1080
SCL,11/12/2021 11 p.m. PST,1031,955,520,-511,,11:00:00 PM,,1031
SCL,11/13/2021 12 a.m. PST,960,894,523,-437,,12:00:00 AM,,960
SCL,11/13/2021 1 a.m. PST,920,872,424,-496,,1:00:00 AM,,920
SCL,11/13/2021 2 a.m. PST,891,832,407,-484,,2:00:00 AM,,891
SCL,11/13/2021 3 a.m. PST,869,824,414,-455,,3:00:00 AM,,869
SCL,11/13/2021 4 a.m. PST,871,816,418,-453,,4:00:00 AM,,871
SCL,11/13/2021 5 a.m. PST,886,823,488,-398,,5:00:00 AM,,886
SCL,11/13/2021 6 a.m. PST,919,853,689,-230,,6:00:00 AM,,919
SCL,11/13/2021 7 a.m. PST,981,894,542,-439,,7:00:00 AM,,981
SCL,11/13/2021 8 a.m. PST,1035,949,576,-459,,8:00:00 AM,,1035
SCL,11/13/2021 9 a.m. PST,1101,1026,745,-356,,9:00:00 AM,,1101
SCL,11/13/2021 10 a.m. PST,1148,1074,961,-187,,10:00:00 AM,,1148
SCL,11/13/2021 11 a.m. PST,1167,1093,993,-174,,11:00:00 AM,,1167
SCL,11/13/2021 12 p.m. PST,1176,1096,1069,-107,,12:00:00 PM,,1176
SCL,11/13/2021 1 p.m. PST,1179,1094,1009,-170,,1:00:00 PM,,1179
SCL,11/13/2021 2 p.m. PST,1166,1076,1038,-128,,2:00:00 PM,,1166
SCL,11/13/2021 3 p.m. PST,1169,1069,948,-221,,3:00:00 PM,,1169
SCL,11/13/2021 4 p.m. PST,1171,1085,870,-301,,4:00:00 PM,,1171
SCL,11/13/2021 5 p.m. PST,1210,1125,992,-218,,5:00:00 PM,,1210
SCL,11/13/2021 6 p.m. PST,1250,1171,1014,-236,,6:00:00 PM,,1250
SCL,11/13/2021 7 p.m. PST,1212,1154,1049,-163,,7:00:00 PM,,1212
SCL,11/13/2021 8 p.m. PST,1197,1118,992,-205,,8:00:00 PM,,1197
SCL,11/13/2021 9 p.m. PST,1166,1079,921,-245,,9:00:00 PM,,1166
SCL,11/13/2021 10 p.m. PST,1110,1022,813,-297,,10:00:00 PM,,1110
SCL,11/13/2021 11 p.m. PST,1025,964,800,-225,,11:00:00 PM,,1025
SCL,11/14/2021 12 a.m. PST,979,908,717,-262,,12:00:00 AM,,979
SCL,11/14/2021 1 a.m. PST,941,892,661,-280,,1:00:00 AM,,941
SCL,11/14/2021 2 a.m. PST,899,844,805,-94,,2:00:00 AM,,899
SCL,11/14/2021 3 a.m. PST,878,831,801,-77,,3:00:00 AM,,878
SCL,11/14/2021 4 a.m. PST,866,816,564,-302,,4:00:00 AM,,866
SCL,11/14/2021 5 a.m. PST,865,813,674,-191,,5:00:00 AM,,865
SCL,11/14/2021 6 a.m. PST,887,829,804,-83,,6:00:00 AM,,887
SCL,11/14/2021 7 a.m. PST,922,855,810,-112,,7:00:00 AM,,922
SCL,11/14/2021 8 a.m. PST,970,895,851,-119,,8:00:00 AM,,970
SCL,11/14/2021 9 a.m. PST,1026,955,920,-106,,9:00:00 AM,,1026
SCL,11/14/2021 10 a.m. PST,1087,1010,1080,-7,,10:00:00 AM,,1087
SCL,11/14/2021 11 a.m. PST,1098,1036,1073,-25,,11:00:00 AM,,1098
SCL,11/14/2021 12 p.m. PST,1114,1048,939,-175,,12:00:00 PM,,1114
SCL,11/14/2021 1 p.m. PST,1121,1057,1054,-67,,1:00:00 PM,,1121
SCL,11/14/2021 2 p.m. PST,1123,1053,917,-206,,2:00:00 PM,,1123
SCL,11/14/2021 3 p.m. PST,1129,1052,864,-265,,3:00:00 PM,,1129
SCL,11/14/2021 4 p.m. PST,1139,1061,995,-144,,4:00:00 PM,,1139
SCL,11/14/2021 5 p.m. PST,1177,1115,1042,-135,,5:00:00 PM,,1177
SCL,11/14/2021 6 p.m. PST,1231,1179,1083,-148,,6:00:00 PM,,1231
SCL,11/14/2021 7 p.m. PST,1215,1169,1174,-41,,7:00:00 PM,,1215
SCL,11/14/2021 8 p.m. PST,1186,1134,1134,-52,,8:00:00 PM,,1186
SCL,11/14/2021 9 p.m. PST,1136,1079,1067,-69,,9:00:00 PM,,1136
SCL,11/14/2021 10 p.m. PST,1079,1014,973,-106,,10:00:00 PM,,1079
SCL,11/14/2021 11 p.m. PST,1024,934,987,-37,,11:00:00 PM,,1024
SCL,11/15/2021 12 a.m. PST,929,856,982,53,,12:00:00 AM,,929
SCL,11/15/2021 1 a.m. PST,886,836,893,7,,1:00:00 AM,,886
SCL,11/15/2021 2 a.m. PST,853,801,850,-3,,2:00:00 AM,,853
SCL,11/15/2021 3 a.m. PST,834,795,972,138,,3:00:00 AM,,834
SCL,11/15/2021 4 a.m. PST,843,795,924,81,,4:00:00 AM,,843
SCL,11/15/2021 5 a.m. PST,874,822,935,61,,5:00:00 AM,,874
SCL,11/15/2021 6 a.m. PST,955,903,926,-29,,6:00:00 AM,,955
SCL,11/15/2021 7 a.m. PST,1073,1035,829,-244,,7:00:00 AM,,1073
SCL,11/15/2021 8 a.m. PST,1120,1131,814,-306,,8:00:00 AM,,1120
SCL,11/15/2021 9 a.m. PST,1146,1152,887,-259,,9:00:00 AM,,1146
SCL,11/15/2021 10 a.m. PST,1216,1154,913,-303,,10:00:00 AM,,1216
SCL,11/15/2021 11 a.m. PST,1223,1157,922,-301,,11:00:00 AM,,1223
SCL,11/15/2021 12 p.m. PST,1250,1165,967,-283,,12:00:00 PM,,1250
SCL,11/15/2021 1 p.m. PST,1253,1176,1053,-200,,1:00:00 PM,,1253
SCL,11/15/2021 2 p.m. PST,1221,1185,1024,-197,,2:00:00 PM,,1221
SCL,11/15/2021 3 p.m. PST,1193,1184,1010,-183,,3:00:00 PM,,1193
SCL,11/15/2021 4 p.m. PST,1198,1215,1020,-178,,4:00:00 PM,,1198
SCL,11/15/2021 5 p.m. PST,1266,1264,1062,-204,,5:00:00 PM,,1266
SCL,11/15/2021 6 p.m. PST,1339,1306,1186,-153,,6:00:00 PM,,1339
SCL,11/15/2021 7 p.m. PST,1273,1283,1121,-152,,7:00:00 PM,,1273
SCL,11/15/2021 8 p.m. PST,1270,1236,1074,-196,,8:00:00 PM,,1270
SCL,11/15/2021 9 p.m. PST,1196,1174,1090,-106,,9:00:00 PM,,1196
SCL,11/15/2021 10 p.m. PST,1146,1106,1043,-103,,10:00:00 PM,,1146
SCL,11/15/2021 11 p.m. PST,1084,1018,1047,-37,,11:00:00 PM,,1084
SCL,11/16/2021 12 a.m. PST,1026,939,1038,12,,12:00:00 AM,,1026
SCL,11/16/2021 1 a.m. PST,998,930,997,-1,,1:00:00 AM,,998
SCL,11/16/2021 2 a.m. PST,953,908,910,-43,,2:00:00 AM,,953
SCL,11/16/2021 3 a.m. PST,954,903,860,-94,,3:00:00 AM,,954
SCL,11/16/2021 4 a.m. PST,965,909,698,-267,,4:00:00 AM,,965
SCL,11/16/2021 5 a.m. PST,1013,946,880,-133,,5:00:00 AM,,1013
SCL,11/16/2021 6 a.m. PST,1119,1044,1018,-101,,6:00:00 AM,,1119
SCL,11/16/2021 7 a.m. PST,1264,1180,1157,-107,,7:00:00 AM,,1264
SCL,11/16/2021 8 a.m. PST,1380,1272,1101,-279,,8:00:00 AM,,1380
SCL,11/16/2021 9 a.m. PST,1402,1283,1080,-322,,9:00:00 AM,,1402
SCL,11/16/2021 10 a.m. PST,1401,1270,1028,-373,,10:00:00 AM,,1401
SCL,11/16/2021 11 a.m. PST,1346,1251,991,-355,,11:00:00 AM,,1346
SCL,11/16/2021 12 p.m. PST,1318,1236,909,-409,,12:00:00 PM,,1318
SCL,11/16/2021 1 p.m. PST,1291,1224,867,-424,,1:00:00 PM,,1291
SCL,11/16/2021 2 p.m. PST,1267,1198,830,-437,,2:00:00 PM,,1267
SCL,11/16/2021 3 p.m. PST,1240,1189,900,-340,,3:00:00 PM,,1240
SCL,11/16/2021 4 p.m. PST,1251,1202,950,-301,,4:00:00 PM,,1251
SCL,11/16/2021 5 p.m. PST,1317,1246,927,-390,,5:00:00 PM,,1317
SCL,11/16/2021 6 p.m. PST,1392,1322,1046,-346,,6:00:00 PM,,1392
SCL,11/16/2021 7 p.m. PST,1390,1313,1054,-336,,7:00:00 PM,,1390
SCL,11/16/2021 8 p.m. PST,1330,1271,978,-352,,8:00:00 PM,,1330
SCL,11/16/2021 9 p.m. PST,1315,1221,943,-372,,9:00:00 PM,,1315
SCL,11/16/2021 10 p.m. PST,1247,1150,946,-301,,10:00:00 PM,,1247
SCL,11/16/2021 11 p.m. PST,1171,1070,865,-306,,11:00:00 PM,,1171
SCL,11/17/2021 12 a.m. PST,1097,994,839,-258,,12:00:00 AM,,1097
SCL,11/17/2021 1 a.m. PST,1051,980,793,-258,,1:00:00 AM,,1051
SCL,11/17/2021 2 a.m. PST,1028,964,777,-251,,2:00:00 AM,,1028
SCL,11/17/2021 3 a.m. PST,1022,963,768,-254,,3:00:00 AM,,1022
SCL,11/17/2021 4 a.m. PST,1036,978,800,-236,,4:00:00 AM,,1036
SCL,11/17/2021 5 a.m. PST,1096,1032,830,-266,,5:00:00 AM,,1096
SCL,11/17/2021 6 a.m. PST,1218,1147,959,-259,,6:00:00 AM,,1218
SCL,11/17/2021 7 a.m. PST,1369,1289,1065,-304,,7:00:00 AM,,1369
SCL,11/17/2021 8 a.m. PST,1493,1386,1074,-419,,8:00:00 AM,,1493
SCL,11/17/2021 9 a.m. PST,1491,1393,1037,-454,,9:00:00 AM,,1491
SCL,11/17/2021 10 a.m. PST,1466,1366,947,-519,,10:00:00 AM,,1466
SCL,11/17/2021 11 a.m. PST,1417,1342,1005,-412,,11:00:00 AM,,1417
SCL,11/17/2021 12 p.m. PST,1387,1313,807,-580,,12:00:00 PM,,1387
SCL,11/17/2021 1 p.m. PST,1364,1299,836,-528,,1:00:00 PM,,1364
SCL,11/17/2021 2 p.m. PST,1331,1273,959,-372,,2:00:00 PM,,1331
SCL,11/17/2021 3 p.m. PST,1310,1246,883,-427,,3:00:00 PM,,1310
SCL,11/17/2021 4 p.m. PST,1326,1267,930,-396,,4:00:00 PM,,1326
SCL,11/17/2021 5 p.m. PST,1403,1325,946,-457,,5:00:00 PM,,1403
SCL,11/17/2021 6 p.m. PST,1458,1395,1053,-405,,6:00:00 PM,,1458
SCL,11/17/2021 7 p.m. PST,1415,1381,1060,-355,,7:00:00 PM,,1415
SCL,11/17/2021 8 p.m. PST,1404,1338,1059,-345,,8:00:00 PM,,1404
SCL,11/17/2021 9 p.m. PST,1352,1283,1042,-310,,9:00:00 PM,,1352
SCL,11/17/2021 10 p.m. PST,1261,1215,911,-350,,10:00:00 PM,,1261
SCL,11/17/2021 11 p.m. PST,1170,1126,954,-216,,11:00:00 PM,,1170
SCL,11/18/2021 12 a.m. PST,1092,1039,879,-213,,12:00:00 AM,,1092
SCL,11/18/2021 1 a.m. PST,983,989,796,-187,,1:00:00 AM,,983
SCL,11/18/2021 2 a.m. PST,947,954,785,-162,,2:00:00 AM,,947
SCL,11/18/2021 3 a.m. PST,936,950,774,-162,,3:00:00 AM,,936
SCL,11/18/2021 4 a.m. PST,941,960,784,-157,,4:00:00 AM,,941
SCL,11/18/2021 5 a.m. PST,981,1003,775,-206,,5:00:00 AM,,981
SCL,11/18/2021 6 a.m. PST,1081,1104,847,-234,,6:00:00 AM,,1081
SCL,11/18/2021 7 a.m. PST,1224,1242,856,-368,,7:00:00 AM,,1224
SCL,11/18/2021 8 a.m. PST,1323,1332,765,-558,,8:00:00 AM,,1323
SCL,11/18/2021 9 a.m. PST,1339,1341,725,-614,,9:00:00 AM,,1339
SCL,11/18/2021 10 a.m. PST,1325,1330,730,-595,,10:00:00 AM,,1325
SCL,11/18/2021 11 a.m. PST,1318,1312,695,-623,,11:00:00 AM,,1318
SCL,11/18/2021 12 p.m. PST,1305,1300,803,-502,,12:00:00 PM,,1305
SCL,11/18/2021 1 p.m. PST,1305,1287,663,-642,,1:00:00 PM,,1305
SCL,11/18/2021 2 p.m. PST,1307,1284,831,-476,,2:00:00 PM,,1307
SCL,11/18/2021 3 p.m. PST,1313,1281,790,-523,,3:00:00 PM,,1313
SCL,11/18/2021 4 p.m. PST,1351,1296,963,-388,,4:00:00 PM,,1351
SCL,11/18/2021 5 p.m. PST,1392,1341,934,-458,,5:00:00 PM,,1392
SCL,11/18/2021 6 p.m. PST,1420,1400,1003,-417,,6:00:00 PM,,1420
SCL,11/18/2021 7 p.m. PST,1394,1376,950,-444,,7:00:00 PM,,1394
SCL,11/18/2021 8 p.m. PST,1343,1325,932,-411,,8:00:00 PM,,1343
SCL,11/18/2021 9 p.m. PST,1295,1268,937,-358,,9:00:00 PM,,1295
SCL,11/18/2021 10 p.m. PST,1217,1197,912,-305,,10:00:00 PM,,1217
SCL,11/18/2021 11 p.m. PST,1127,1111,880,-247,,11:00:00 PM,,1127
SCL,11/19/2021 12 a.m. PST,1048,1032,839,-209,,12:00:00 AM,,1048
SCL,11/19/2021 1 a.m. PST,986,980,973,-13,,1:00:00 AM,,986
SCL,11/19/2021 2 a.m. PST,950,950,844,-106,,2:00:00 AM,,950
SCL,11/19/2021 3 a.m. PST,947,943,830,-117,,3:00:00 AM,,947
SCL,11/19/2021 4 a.m. PST,949,944,875,-74,,4:00:00 AM,,949
SCL,11/19/2021 5 a.m. PST,1001,978,878,-123,,5:00:00 AM,,1001
SCL,11/19/2021 6 a.m. PST,1095,1070,1063,-32,,6:00:00 AM,,1095
SCL,11/19/2021 7 a.m. PST,1252,1198,1077,-175,,7:00:00 AM,,1252
SCL,11/19/2021 8 a.m. PST,1375,1286,1048,-327,,8:00:00 AM,,1375
SCL,11/19/2021 9 a.m. PST,1421,1310,1048,-373,,9:00:00 AM,,1421
SCL,11/19/2021 10 a.m. PST,1416,1301,1028,-388,,10:00:00 AM,,1416
SCL,11/19/2021 11 a.m. PST,1381,1277,1030,-351,,11:00:00 AM,,1381
SCL,11/19/2021 12 p.m. PST,1359,1261,1066,-293,,12:00:00 PM,,1359
SCL,11/19/2021 1 p.m. PST,1348,1253,1067,-281,,1:00:00 PM,,1348
SCL,11/19/2021 2 p.m. PST,1346,1233,1045,-301,,2:00:00 PM,,1346
SCL,11/19/2021 3 p.m. PST,1347,1205,1036,-311,,3:00:00 PM,,1347
SCL,11/19/2021 4 p.m. PST,1360,1226,1040,-320,,4:00:00 PM,,1360
SCL,11/19/2021 5 p.m. PST,1396,1274,1108,-288,,5:00:00 PM,,1396
SCL,11/19/2021 6 p.m. PST,1429,1324,1099,-330,,6:00:00 PM,,1429
SCL,11/19/2021 7 p.m. PST,1383,1295,1068,-315,,7:00:00 PM,,1383
SCL,11/19/2021 8 p.m. PST,1326,1233,1043,-283,,8:00:00 PM,,1326
SCL,11/19/2021 9 p.m. PST,1247,1182,1049,-198,,9:00:00 PM,,1247
SCL,11/19/2021 10 p.m. PST,1214,1123,1059,-155,,10:00:00 PM,,1214
SCL,11/19/2021 11 p.m. PST,1149,1063,1058,-91,,11:00:00 PM,,1149
SCL,11/20/2021 12 a.m. PST,1077,1000,1054,-23,,12:00:00 AM,,1077
SCL,11/20/2021 1 a.m. PST,1012,979,1068,56,,1:00:00 AM,,1012
SCL,11/20/2021 2 a.m. PST,981,939,1070,89,,2:00:00 AM,,981
SCL,11/20/2021 3 a.m. PST,963,931,1049,86,,3:00:00 AM,,963
SCL,11/20/2021 4 a.m. PST,961,927,1047,86,,4:00:00 AM,,961
SCL,11/20/2021 5 a.m. PST,979,935,1052,73,,5:00:00 AM,,979
SCL,11/20/2021 6 a.m. PST,1031,965,1066,35,,6:00:00 AM,,1031
SCL,11/20/2021 7 a.m. PST,1089,1009,996,-93,,7:00:00 AM,,1089
SCL,11/20/2021 8 a.m. PST,1160,1067,1076,-84,,8:00:00 AM,,1160
SCL,11/20/2021 9 a.m. PST,1219,1136,950,-269,,9:00:00 AM,,1219
SCL,11/20/2021 10 a.m. PST,1263,1179,923,-340,,10:00:00 AM,,1263
SCL,11/20/2021 11 a.m. PST,1269,1186,986,-283,,11:00:00 AM,,1269
SCL,11/20/2021 12 p.m. PST,1255,1182,924,-331,,12:00:00 PM,,1255
SCL,11/20/2021 1 p.m. PST,1237,1167,869,-368,,1:00:00 PM,,1237
SCL,11/20/2021 2 p.m. PST,1198,1127,859,-339,,2:00:00 PM,,1198
SCL,11/20/2021 3 p.m. PST,1197,1127,920,-277,,3:00:00 PM,,1197
SCL,11/20/2021 4 p.m. PST,1209,1143,1058,-151,,4:00:00 PM,,1209
SCL,11/20/2021 5 p.m. PST,1269,1195,1103,-166,,5:00:00 PM,,1269
SCL,11/20/2021 6 p.m. PST,1323,1246,1118,-205,,6:00:00 PM,,1323
SCL,11/20/2021 7 p.m. PST,1318,1233,1112,-206,,7:00:00 PM,,1318
SCL,11/20/2021 8 p.m. PST,1288,1203,1084,-204,,8:00:00 PM,,1288
SCL,11/20/2021 9 p.m. PST,1247,1164,1062,-185,,9:00:00 PM,,1247
SCL,11/20/2021 10 p.m. PST,1210,1116,1032,-178,,10:00:00 PM,,1210
SCL,11/20/2021 11 p.m. PST,1120,1058,1055,-65,,11:00:00 PM,,1120
SCL,11/21/2021 12 a.m. PST,1083,1003,974,-109,,12:00:00 AM,,1083
SCL,11/21/2021 1 a.m. PST,1034,992,776,-258,,1:00:00 AM,,1034
SCL,11/21/2021 2 a.m. PST,990,945,894,-96,,2:00:00 AM,,990
SCL,11/21/2021 3 a.m. PST,977,938,957,-20,,3:00:00 AM,,977
SCL,11/21/2021 4 a.m. PST,984,935,977,-7,,4:00:00 AM,,984
SCL,11/21/2021 5 a.m. PST,1005,945,974,-31,,5:00:00 AM,,1005
SCL,11/21/2021 6 a.m. PST,1039,972,963,-76,,6:00:00 AM,,1039
SCL,11/21/2021 7 a.m. PST,1094,1008,923,-171,,7:00:00 AM,,1094
SCL,11/21/2021 8 a.m. PST,1153,1054,1020,-133,,8:00:00 AM,,1153
SCL,11/21/2021 9 a.m. PST,1216,1120,990,-226,,9:00:00 AM,,1216
SCL,11/21/2021 10 a.m. PST,1268,1159,1026,-242,,10:00:00 AM,,1268
SCL,11/21/2021 11 a.m. PST,1272,1166,1048,-224,,11:00:00 AM,,1272
SCL,11/21/2021 12 p.m. PST,1262,1161,990,-272,,12:00:00 PM,,1262
SCL,11/21/2021 1 p.m. PST,1250,1156,984,-266,,1:00:00 PM,,1250
SCL,11/21/2021 2 p.m. PST,1232,1135,818,-414,,2:00:00 PM,,1232
SCL,11/21/2021 3 p.m. PST,1220,1114,789,-431,,3:00:00 PM,,1220
SCL,11/21/2021 4 p.m. PST,1234,1136,940,-294,,4:00:00 PM,,1234
SCL,11/21/2021 5 p.m. PST,1301,1195,1025,-276,,5:00:00 PM,,1301
SCL,11/21/2021 6 p.m. PST,1375,1270,955,-420,,6:00:00 PM,,1375
SCL,11/21/2021 7 p.m. PST,1373,1270,1041,-332,,7:00:00 PM,,1373
SCL,11/21/2021 8 p.m. PST,1358,1247,1033,-325,,8:00:00 PM,,1358
SCL,11/21/2021 9 p.m. PST,1317,1199,1071,-246,,9:00:00 PM,,1317
SCL,11/21/2021 10 p.m. PST,1262,1141,980,-282,,10:00:00 PM,,1262
SCL,11/21/2021 11 p.m. PST,1189,1060,969,-220,,11:00:00 PM,,1189
SCL,11/22/2021 12 a.m. PST,1116,998,924,-192,,12:00:00 AM,,1116
SCL,11/22/2021 1 a.m. PST,1063,1009,797,-266,,1:00:00 AM,,1063
SCL,11/22/2021 2 a.m. PST,1032,984,815,-217,,2:00:00 AM,,1032
SCL,11/22/2021 3 a.m. PST,1034,984,821,-213,,3:00:00 AM,,1034
SCL,11/22/2021 4 a.m. PST,1046,1001,834,-212,,4:00:00 AM,,1046
SCL,11/22/2021 5 a.m. PST,1109,1057,769,-340,,5:00:00 AM,,1109
SCL,11/22/2021 6 a.m. PST,1204,1162,757,-447,,6:00:00 AM,,1204
SCL,11/22/2021 7 a.m. PST,1347,1298,914,-433,,7:00:00 AM,,1347
SCL,11/22/2021 8 a.m. PST,1450,1384,979,-471,,8:00:00 AM,,1450
SCL,11/22/2021 9 a.m. PST,1477,1398,1014,-463,,9:00:00 AM,,1477
SCL,11/22/2021 10 a.m. PST,1485,1384,1001,-484,,10:00:00 AM,,1485
SCL,11/22/2021 11 a.m. PST,1466,1353,1031,-435,,11:00:00 AM,,1466
SCL,11/22/2021 12 p.m. PST,1459,1327,923,-536,,12:00:00 PM,,1459
SCL,11/22/2021 1 p.m. PST,1450,1310,955,-495,,1:00:00 PM,,1450
SCL,11/22/2021 2 p.m. PST,1425,1274,945,-480,,2:00:00 PM,,1425
SCL,11/22/2021 3 p.m. PST,1433,1276,969,-464,,3:00:00 PM,,1433
SCL,11/22/2021 4 p.m. PST,1432,1288,1016,-416,,4:00:00 PM,,1432
SCL,11/22/2021 5 p.m. PST,1471,1346,1001,-470,,5:00:00 PM,,1471
SCL,11/22/2021 6 p.m. PST,1495,1403,969,-526,,6:00:00 PM,,1495
SCL,11/22/2021 7 p.m. PST,1434,1377,945,-489,,7:00:00 PM,,1434
SCL,11/22/2021 8 p.m. PST,1391,1325,921,-470,,8:00:00 PM,,1391
SCL,11/22/2021 9 p.m. PST,1337,1263,939,-398,,9:00:00 PM,,1337
SCL,11/22/2021 10 p.m. PST,1267,1194,896,-371,,10:00:00 PM,,1267
SCL,11/22/2021 11 p.m. PST,1175,1104,796,-379,,11:00:00 PM,,1175
SCL,11/23/2021 12 a.m. PST,1085,1014,818,-267,,12:00:00 AM,,1085
SCL,11/23/2021 1 a.m. PST,1031,976,713,-318,,1:00:00 AM,,1031
SCL,11/23/2021 2 a.m. PST,983,939,691,-292,,2:00:00 AM,,983
SCL,11/23/2021 3 a.m. PST,975,933,673,-302,,3:00:00 AM,,975
SCL,11/23/2021 4 a.m. PST,975,938,676,-299,,4:00:00 AM,,975
SCL,11/23/2021 5 a.m. PST,1029,977,696,-333,,5:00:00 AM,,1029
SCL,11/23/2021 6 a.m. PST,1128,1075,803,-325,,6:00:00 AM,,1128
SCL,11/23/2021 7 a.m. PST,1272,1214,817,-455,,7:00:00 AM,,1272
SCL,11/23/2021 8 a.m. PST,1319,1310,942,-377,,8:00:00 AM,,1319
SCL,11/23/2021 9 a.m. PST,1351,1328,926,-425,,9:00:00 AM,,1351
SCL,11/23/2021 10 a.m. PST,1399,1313,818,-581,,10:00:00 AM,,1399
SCL,11/23/2021 11 a.m. PST,1386,1297,805,-581,,11:00:00 AM,,1386
SCL,11/23/2021 12 p.m. PST,1355,1284,778,-577,,12:00:00 PM,,1355
SCL,11/23/2021 1 p.m. PST,1352,1281,744,-608,,1:00:00 PM,,1352
SCL,11/23/2021 2 p.m. PST,1339,1263,755,-584,,2:00:00 PM,,1339
SCL,11/23/2021 3 p.m. PST,1323,1251,899,-424,,3:00:00 PM,,1323
SCL,11/23/2021 4 p.m. PST,1318,1267,854,-464,,4:00:00 PM,,1318
SCL,11/23/2021 5 p.m. PST,1372,1315,992,-380,,5:00:00 PM,,1372
SCL,11/23/2021 6 p.m. PST,1427,1382,974,-453,,6:00:00 PM,,1427
SCL,11/23/2021 7 p.m. PST,1393,1366,984,-409,,7:00:00 PM,,1393
SCL,11/23/2021 8 p.m. PST,1370,1327,951,-419,,8:00:00 PM,,1370
SCL,11/23/2021 9 p.m. PST,1324,1269,787,-537,,9:00:00 PM,,1324
SCL,11/23/2021 10 p.m. PST,1270,1200,808,-462,,10:00:00 PM,,1270
SCL,11/23/2021 11 p.m. PST,1189,1105,791,-398,,11:00:00 PM,,1189
SCL,11/24/2021 12 a.m. PST,1120,1026,773,-347,,12:00:00 AM,,1120
SCL,11/24/2021 1 a.m. PST,1061,1002,736,-325,,1:00:00 AM,,1061
SCL,11/24/2021 2 a.m. PST,533,973,711,178,,2:00:00 AM,,533
SCL,11/24/2021 3 a.m. PST,1002,968,695,-307,,3:00:00 AM,,1002
SCL,11/24/2021 4 a.m. PST,1022,975,714,-308,,4:00:00 AM,,1022
SCL,11/24/2021 5 a.m. PST,1074,1017,719,-355,,5:00:00 AM,,1074
SCL,11/24/2021 6 a.m. PST,1179,1116,829,-350,,6:00:00 AM,,1179
SCL,11/24/2021 7 a.m. PST,1309,1251,883,-426,,7:00:00 AM,,1309
SCL,11/24/2021 8 a.m. PST,1399,1344,1004,-395,,8:00:00 AM,,1399
SCL,11/24/2021 9 a.m. PST,1436,1356,933,-503,,9:00:00 AM,,1436
SCL,11/24/2021 10 a.m. PST,1434,1333,1004,-430,,10:00:00 AM,,1434
SCL,11/24/2021 11 a.m. PST,1424,1311,972,-452,,11:00:00 AM,,1424
SCL,11/24/2021 12 p.m. PST,1401,1288,1047,-354,,12:00:00 PM,,1401
SCL,11/24/2021 1 p.m. PST,1397,1280,1006,-391,,1:00:00 PM,,1397
SCL,11/24/2021 2 p.m. PST,1387,1248,954,-433,,2:00:00 PM,,1387
SCL,11/24/2021 3 p.m. PST,1371,1247,1028,-343,,3:00:00 PM,,1371
SCL,11/24/2021 4 p.m. PST,1387,1261,1069,-318,,4:00:00 PM,,1387
SCL,11/24/2021 5 p.m. PST,1415,1308,1071,-344,,5:00:00 PM,,1415
SCL,11/24/2021 6 p.m. PST,1405,1374,1035,-370,,6:00:00 PM,,1405
SCL,11/24/2021 7 p.m. PST,1340,1352,1054,-286,,7:00:00 PM,,1340
SCL,11/24/2021 8 p.m. PST,1283,1308,945,-338,,8:00:00 PM,,1283
SCL,11/24/2021 9 p.m. PST,1243,1256,927,-316,,9:00:00 PM,,1243
SCL,11/24/2021 10 p.m. PST,1185,1183,908,-277,,10:00:00 PM,,1185
SCL,11/24/2021 11 p.m. PST,1105,1092,920,-185,,11:00:00 PM,,1105
SCL,11/25/2021 12 a.m. PST,1041,1016,849,-192,,12:00:00 AM,,1041
SCL,11/25/2021 1 a.m. PST,983,962,1015,32,,1:00:00 AM,,983
SCL,11/25/2021 2 a.m. PST,942,931,993,51,,2:00:00 AM,,942
SCL,11/25/2021 3 a.m. PST,919,920,976,57,,3:00:00 AM,,919
SCL,11/25/2021 4 a.m. PST,922,916,982,60,,4:00:00 AM,,922
SCL,11/25/2021 5 a.m. PST,947,934,1056,109,,5:00:00 AM,,947
SCL,11/25/2021 6 a.m. PST,992,974,1077,85,,6:00:00 AM,,992
SCL,11/25/2021 7 a.m. PST,1053,1010,1085,32,,7:00:00 AM,,1053
SCL,11/25/2021 8 a.m. PST,1107,1050,1093,-14,,8:00:00 AM,,1107
SCL,11/25/2021 9 a.m. PST,1159,1114,1110,-49,,9:00:00 AM,,1159
SCL,11/25/2021 10 a.m. PST,1225,1169,1105,-120,,10:00:00 AM,,1225
SCL,11/25/2021 11 a.m. PST,1266,1201,1119,-147,,11:00:00 AM,,1266
SCL,11/25/2021 12 p.m. PST,1274,1211,1142,-132,,12:00:00 PM,,1274
SCL,11/25/2021 1 p.m. PST,1286,1211,1152,-134,,1:00:00 PM,,1286
SCL,11/25/2021 2 p.m. PST,1274,1171,1121,-153,,2:00:00 PM,,1274
SCL,11/25/2021 3 p.m. PST,1261,1154,1106,-155,,3:00:00 PM,,1261
SCL,11/25/2021 4 p.m. PST,1233,1134,1138,-95,,4:00:00 PM,,1233
SCL,11/25/2021 5 p.m. PST,1232,1136,1017,-215,,5:00:00 PM,,1232
SCL,11/25/2021 6 p.m. PST,1197,1120,989,-208,,6:00:00 PM,,1197
SCL,11/25/2021 7 p.m. PST,1152,1077,963,-189,,7:00:00 PM,,1152
SCL,11/25/2021 8 p.m. PST,1123,1042,1081,-42,,8:00:00 PM,,1123
SCL,11/25/2021 9 p.m. PST,1104,1017,1086,-18,,9:00:00 PM,,1104
SCL,11/25/2021 10 p.m. PST,1076,994,1066,-10,,10:00:00 PM,,1076
SCL,11/25/2021 11 p.m. PST,1030,960,997,-33,,11:00:00 PM,,1030
SCL,11/26/2021 12 a.m. PST,973,919,975,2,,12:00:00 AM,,973
SCL,11/26/2021 1 a.m. PST,933,933,928,-5,,1:00:00 AM,,933
SCL,11/26/2021 2 a.m. PST,900,899,847,-53,,2:00:00 AM,,900
SCL,11/26/2021 3 a.m. PST,882,894,837,-45,,3:00:00 AM,,882
SCL,11/26/2021 4 a.m. PST,884,890,829,-55,,4:00:00 AM,,884
SCL,11/26/2021 5 a.m. PST,900,907,829,-71,,5:00:00 AM,,900
SCL,11/26/2021 6 a.m. PST,956,956,922,-34,,6:00:00 AM,,956
SCL,11/26/2021 7 a.m. PST,1048,1009,872,-176,,7:00:00 AM,,1048
SCL,11/26/2021 8 a.m. PST,1092,1046,918,-174,,8:00:00 AM,,1092
SCL,11/26/2021 9 a.m. PST,1133,1091,884,-249,,9:00:00 AM,,1133
SCL,11/26/2021 10 a.m. PST,1167,1116,866,-301,,10:00:00 AM,,1167
SCL,11/26/2021 11 a.m. PST,1185,1123,1003,-182,,11:00:00 AM,,1185
SCL,11/26/2021 12 p.m. PST,1191,1110,1013,-178,,12:00:00 PM,,1191
SCL,11/26/2021 1 p.m. PST,1187,1090,996,-191,,1:00:00 PM,,1187
SCL,11/26/2021 2 p.m. PST,1188,1067,999,-189,,2:00:00 PM,,1188
SCL,11/26/2021 3 p.m. PST,1186,1084,1027,-159,,3:00:00 PM,,1186
SCL,11/26/2021 4 p.m. PST,1195,1104,1051,-144,,4:00:00 PM,,1195
SCL,11/26/2021 5 p.m. PST,1228,1159,1106,-122,,5:00:00 PM,,1228
SCL,11/26/2021 6 p.m. PST,1238,1195,1115,-123,,6:00:00 PM,,1238
SCL,11/26/2021 7 p.m. PST,1201,1166,1084,-117,,7:00:00 PM,,1201
SCL,11/26/2021 8 p.m. PST,1160,1120,1043,-117,,8:00:00 PM,,1160
SCL,11/26/2021 9 p.m. PST,1128,1080,922,-206,,9:00:00 PM,,1128
SCL,11/26/2021 10 p.m. PST,1092,1036,885,-207,,10:00:00 PM,,1092
SCL,11/26/2021 11 p.m. PST,1034,978,861,-173,,11:00:00 PM,,1034
SCL,11/27/2021 12 a.m. PST,977,927,883,-94,,12:00:00 AM,,977
SCL,11/27/2021 1 a.m. PST,923,926,838,-85,,1:00:00 AM,,923
SCL,11/27/2021 2 a.m. PST,888,878,810,-78,,2:00:00 AM,,888
SCL,11/27/2021 3 a.m. PST,862,869,811,-51,,3:00:00 AM,,862
SCL,11/27/2021 4 a.m. PST,860,860,816,-44,,4:00:00 AM,,860
SCL,11/27/2021 5 a.m. PST,861,864,826,-35,,5:00:00 AM,,861
SCL,11/27/2021 6 a.m. PST,896,889,846,-50,,6:00:00 AM,,896
SCL,11/27/2021 7 a.m. PST,985,926,807,-178,,7:00:00 AM,,985
SCL,11/27/2021 8 a.m. PST,1043,975,802,-241,,8:00:00 AM,,1043
SCL,11/27/2021 9 a.m. PST,1103,1041,781,-322,,9:00:00 AM,,1103
SCL,11/27/2021 10 a.m. PST,1166,1095,794,-372,,10:00:00 AM,,1166
SCL,11/27/2021 11 a.m. PST,1188,1111,962,-226,,11:00:00 AM,,1188
SCL,11/27/2021 12 p.m. PST,1191,1113,810,-381,,12:00:00 PM,,1191
SCL,11/27/2021 1 p.m. PST,1188,1107,811,-377,,1:00:00 PM,,1188
SCL,11/27/2021 2 p.m. PST,1182,1087,777,-405,,2:00:00 PM,,1182
SCL,11/27/2021 3 p.m. PST,1190,1073,769,-421,,3:00:00 PM,,1190
SCL,11/27/2021 4 p.m. PST,1190,1082,877,-313,,4:00:00 PM,,1190
SCL,11/27/2021 5 p.m. PST,1223,1117,842,-381,,5:00:00 PM,,1223
SCL,11/27/2021 6 p.m. PST,1238,1162,814,-424,,6:00:00 PM,,1238
SCL,11/27/2021 7 p.m. PST,1228,1136,795,-433,,7:00:00 PM,,1228
SCL,11/27/2021 8 p.m. PST,1187,1101,827,-360,,8:00:00 PM,,1187
SCL,11/27/2021 9 p.m. PST,1143,1057,801,-342,,9:00:00 PM,,1143
SCL,11/27/2021 10 p.m. PST,1105,1006,777,-328,,10:00:00 PM,,1105
SCL,11/27/2021 11 p.m. PST,1048,961,828,-220,,11:00:00 PM,,1048
SCL,11/28/2021 12 a.m. PST,981,911,700,-281,,12:00:00 AM,,981
SCL,11/28/2021 1 a.m. PST,930,888,682,-248,,1:00:00 AM,,930
SCL,11/28/2021 2 a.m. PST,888,838,662,-226,,2:00:00 AM,,888
SCL,11/28/2021 3 a.m. PST,879,825,534,-345,,3:00:00 AM,,879
SCL,11/28/2021 4 a.m. PST,853,810,527,-326,,4:00:00 AM,,853
SCL,11/28/2021 5 a.m. PST,828,804,525,-303,,5:00:00 AM,,828
SCL,11/28/2021 6 a.m. PST,827,815,679,-148,,6:00:00 AM,,827
SCL,11/28/2021 7 a.m. PST,863,837,649,-214,,7:00:00 AM,,863
SCL,11/28/2021 8 a.m. PST,903,879,623,-280,,8:00:00 AM,,903
SCL,11/28/2021 9 a.m. PST,946,940,617,-329,,9:00:00 AM,,946
SCL,11/28/2021 10 a.m. PST,1023,1005,630,-393,,10:00:00 AM,,1023
SCL,11/28/2021 11 a.m. PST,1089,1040,623,-466,,11:00:00 AM,,1089
SCL,11/28/2021 12 p.m. PST,1124,1057,614,-510,,12:00:00 PM,,1124
SCL,11/28/2021 1 p.m. PST,1113,1073,644,-469,,1:00:00 PM,,1113
SCL,11/28/2021 2 p.m. PST,1159,1072,620,-539,,2:00:00 PM,,1159
SCL,11/28/2021 3 p.m. PST,1166,1080,739,-427,,3:00:00 PM,,1166
SCL,11/28/2021 4 p.m. PST,1173,1088,716,-457,,4:00:00 PM,,1173
SCL,11/28/2021 5 p.m. PST,1212,1139,782,-430,,5:00:00 PM,,1212
SCL,11/28/2021 6 p.m. PST,1249,1202,948,-301,,6:00:00 PM,,1249
SCL,11/28/2021 7 p.m. PST,1232,1185,957,-275,,7:00:00 PM,,1232
SCL,11/28/2021 8 p.m. PST,1204,1146,951,-253,,8:00:00 PM,,1204
SCL,11/28/2021 9 p.m. PST,1158,1094,922,-236,,9:00:00 PM,,1158
SCL,11/28/2021 10 p.m. PST,1100,1031,867,-233,,10:00:00 PM,,1100
SCL,11/28/2021 11 p.m. PST,1033,953,958,-75,,11:00:00 PM,,1033
SCL,11/29/2021 12 a.m. PST,952,876,898,-54,,12:00:00 AM,,952
SCL,11/29/2021 1 a.m. PST,905,856,805,-100,,1:00:00 AM,,905
SCL,11/29/2021 2 a.m. PST,877,823,806,-71,,2:00:00 AM,,877
SCL,11/29/2021 3 a.m. PST,875,818,795,-80,,3:00:00 AM,,875
SCL,11/29/2021 4 a.m. PST,872,819,813,-59,,4:00:00 AM,,872
SCL,11/29/2021 5 a.m. PST,918,847,802,-116,,5:00:00 AM,,918
SCL,11/29/2021 6 a.m. PST,1005,929,798,-207,,6:00:00 AM,,1005
SCL,11/29/2021 7 a.m. PST,1125,1056,701,-424,,7:00:00 AM,,1125
SCL,11/29/2021 8 a.m. PST,1208,1151,841,-367,,8:00:00 AM,,1208
SCL,11/29/2021 9 a.m. PST,1227,1173,941,-286,,9:00:00 AM,,1227
SCL,11/29/2021 10 a.m. PST,1245,1163,931,-314,,10:00:00 AM,,1245
SCL,11/29/2021 11 a.m. PST,1242,1151,957,-285,,11:00:00 AM,,1242
SCL,11/29/2021 12 p.m. PST,1248,1146,1020,-228,,12:00:00 PM,,1248
SCL,11/29/2021 1 p.m. PST,1225,1140,1073,-152,,1:00:00 PM,,1225
SCL,11/29/2021 2 p.m. PST,1204,1128,1067,-137,,2:00:00 PM,,1204
SCL,11/29/2021 3 p.m. PST,1188,1113,1051,-137,,3:00:00 PM,,1188
SCL,11/29/2021 4 p.m. PST,1195,1125,1008,-187,,4:00:00 PM,,1195
SCL,11/29/2021 5 p.m. PST,1256,1171,1123,-133,,5:00:00 PM,,1256
SCL,11/29/2021 6 p.m. PST,1298,1226,1147,-151,,6:00:00 PM,,1298
SCL,11/29/2021 7 p.m. PST,1277,1201,1171,-106,,7:00:00 PM,,1277
SCL,11/29/2021 8 p.m. PST,1241,1160,1080,-161,,8:00:00 PM,,1241
SCL,11/29/2021 9 p.m. PST,1189,1102,1063,-126,,9:00:00 PM,,1189
SCL,11/29/2021 10 p.m. PST,1136,1044,959,-177,,10:00:00 PM,,1136
SCL,11/29/2021 11 p.m. PST,1045,964,1020,-25,,11:00:00 PM,,1045
SCL,11/30/2021 12 a.m. PST,922,892,1003,81,,12:00:00 AM,,922
SCL,11/30/2021 1 a.m. PST,870,863,867,-3,,1:00:00 AM,,870
SCL,11/30/2021 2 a.m. PST,834,822,832,-2,,2:00:00 AM,,834
SCL,11/30/2021 3 a.m. PST,852,815,841,-11,,3:00:00 AM,,852
SCL,11/30/2021 4 a.m. PST,863,813,856,-7,,4:00:00 AM,,863
SCL,11/30/2021 5 a.m. PST,902,841,805,-97,,5:00:00 AM,,902
SCL,11/30/2021 6 a.m. PST,981,926,963,-18,,6:00:00 AM,,981
SCL,11/30/2021 7 a.m. PST,1106,1053,950,-156,,7:00:00 AM,,1106
SCL,11/30/2021 8 a.m. PST,1220,1147,1043,-177,,8:00:00 AM,,1220
SCL,11/30/2021 9 a.m. PST,1246,1166,998,-248,,9:00:00 AM,,1246
SCL,11/30/2021 10 a.m. PST,1258,1165,1014,-244,,10:00:00 AM,,1258
SCL,11/30/2021 11 a.m. PST,1263,1167,1002,-261,,11:00:00 AM,,1263
SCL,11/30/2021 12 p.m. PST,1270,1166,1017,-253,,12:00:00 PM,,1270
SCL,11/30/2021 1 p.m. PST,1284,1165,1041,-243,,1:00:00 PM,,1284
SCL,11/30/2021 2 p.m. PST,1274,1149,1061,-213,,2:00:00 PM,,1274
SCL,11/30/2021 3 p.m. PST,1269,1143,1096,-173,,3:00:00 PM,,1269
SCL,11/30/2021 4 p.m. PST,1260,1155,1084,-176,,4:00:00 PM,,1260
SCL,11/30/2021 5 p.m. PST,1310,1193,1125,-185,,5:00:00 PM,,1310
SCL,11/30/2021 6 p.m. PST,1339,1246,1110,-229,,6:00:00 PM,,1339
SCL,11/30/2021 7 p.m. PST,1315,1223,1074,-241,,7:00:00 PM,,1315
SCL,11/30/2021 8 p.m. PST,1280,1178,1012,-268,,8:00:00 PM,,1280
SCL,11/30/2021 9 p.m. PST,1224,1123,1006,-218,,9:00:00 PM,,1224
SCL,11/30/2021 10 p.m. PST,1172,1055,861,-311,,10:00:00 PM,,1172
SCL,11/30/2021 11 p.m. PST,1086,974,965,-121,,11:00:00 PM,,1086
SCL,12/1/2021 12 a.m. PST,997,900,922,-75,,12:00:00 AM,,997